"01" "03" "05" "07" "09" "12" "24"
"011" 1 1 1 1 1 1 1
"012" 1 2 1 2 1 2 1
"016" 2 1 1 3 1 NA 2
"023" 1 3 2 1 2 3 2
"025" 1 4 2 1 2 4 2
"027" 1 3 2 3 2 5 2
"029" 1 4 2 1 2 6 2
"031" 2 1 1 3 1 2 2
"034" 2 1 1 3 2 7 2
"036" 1 3 2 1 2 8 2
"043" 1 3 2 1 2 8 2
"044" 1 3 2 1 1 9 1
"045" 2 1 1 3 NA 3 2
"046" 1 3 2 1 2 5 2
"063" 2 1 1 3 NA 2 2
"064" 1 3 2 1 2 10 1
"071" 1 4 2 1 2 11 2
"075" 1 3 2 1 2 10 2
"076" 1 4 2 1 2 NA 2
"082" 2 1 1 2 1 NA 2
"086" 1 3 2 1 2 11 1
"102" 1 2 2 1 2 12 2
"105" 1 4 2 1 2 13 2
"106" 1 3 2 1 2 1 2
"107" 1 4 2 3 2 1 1
"114" 1 3 2 1 2 10 1
"115" 2 4 1 2 2 NA 2
